3
6
12
15
21
24
30
33
39
42
48
51
57
60
66
69
75
78
84
87
93
96
102
105
111
114
120
123
129
132
138
141
147
150
156
159
165
168
174
177
183
186
192
195
201
204
210
213
219
222
228
231
237
240
246
249
255
258
264
267
273
276
282
285
291
294
300
303
309
312
318
321
327
330
336
339
345
348
354
357
363
366
372
375
381
384
390
393
399
402
408
411
417
420
426
429
435
438
444
447
453
456
462
465
471
474
480
483
489
492
498
501
507
510
516
519
525
528
534
537
543
546
552
555
561
564
570
573
579
582
588
591
597
600
606
609
615
618
624
627
633
636
642
645
651
654
660
663
669
672
678
681
687
690
696
699
705
708
714
717
723
726
732
735
741
744
750
753
759
762
768
771
777
780
786
789
795
798
804
807
813
816
822
825
831
834
840
843
849
852
858
861
867
870
876
879
885
888
894
897
903
906
912
915
921
924
930
933
939
942
948
951
957
960
966
969
975
978
984
987
993
996
1002
1005
1011
1014
1020
1023
1029
1032
1038
1041
1047
1050
1056
1059
1065
1068
1074
1077
1083
1086
1092
1095
1101
1104
1110
1113
1119
1122
1128
1131
1137
1140
1146
1149
1155
1158
1164
1167
1173
1176
1182
1185
1191
1194
1200
1203
1209
1212
1218
1221
1227
1230
1236
1239
1245
1248
1254
1257
1263
1266
1272
1275
1281
1284
1290
1293
1299
1302
1308
1311
1317
1320
1326
1329
1335
1338
1344
1347
1353
1356
1362
1365
1371
1374
1380
1383
1389
1392
1398
1401
1407
1410
1416
1419
1425
1428
1434
1437
1443
1446
1452
1455
1461
1464
1470
1473
1479
1482
1488
1491
1497
1500
1506
1509
1515
1518
1524
1527
1533
1536
1542
1545
1551
1554
1560
1563
1569
1572
1578
1581
1587
1590
1596
1599
1605
1608
1614
1617
1623
1626
1632
1635
1641
1644
1650
1653
1659
1662
1668
1671
1677
1680
1686
1689
1695
1698
1704
1707
1713
1716
1722
1725
1731
1734
1740
1743
1749
1752
1758
1761
1767
1770
1776
1779
1785
1788
1794
1797
1803
1806
1812
1815
1821
1824
1830
1833
1839
1842
1848
1851
1857
1860
1866
1869
1875
1878
1884
1887
1893
1896
1902
1905
1911
1914
1920
1923
1929
1932
1938
1941
1947
1950
1956
1959
1965
1968
1974
1977
1983
1986
1992
1995
