2001
2004
2010
2013
2019
2022
2028
2031
2037
2040
2046
2049
2055
2058
2064
2067
2073
2076
2082
2085
2091
2094
2100
2103
2109
2112
2118
2121
2127
2130
2136
2139
2145
2148
2154
2157
2163
2166
2172
2175
2181
2184
2190
2193
2199
2202
2208
2211
2217
2220
2226
2229
2235
2238
2244
2247
2253
2256
2262
2265
2271
2274
2280
2283
2289
2292
2298
2301
2307
2310
2316
2319
2325
2328
2334
2337
2343
2346
2352
2355
2361
2364
2370
2373
2379
2382
2388
2391
2397
2400
2406
2409
2415
2418
2424
2427
2433
2436
2442
2445
2451
2454
2460
2463
2469
2472
2478
2481
2487
2490
2496
2499
2505
2508
2514
2517
2523
2526
2532
2535
2541
2544
2550
2553
2559
2562
2568
2571
2577
2580
2586
2589
2595
2598
2604
2607
2613
2616
2622
2625
2631
2634
2640
2643
2649
2652
2658
2661
2667
2670
2676
2679
2685
2688
2694
2697
2703
2706
2712
2715
2721
2724
2730
2733
2739
2742
2748
2751
2757
2760
2766
2769
2775
2778
2784
2787
2793
2796
2802
2805
2811
2814
2820
2823
2829
2832
2838
2841
2847
2850
2856
2859
2865
2868
2874
2877
2883
2886
2892
2895
2901
2904
2910
2913
2919
2922
2928
2931
2937
2940
2946
2949
2955
2958
2964
2967
2973
2976
2982
2985
2991
2994
3000
3003
3009
3012
3018
3021
3027
3030
3036
3039
3045
3048
3054
3057
3063
3066
3072
3075
3081
3084
3090
3093
3099
3102
3108
3111
3117
3120
3126
3129
3135
3138
3144
3147
3153
3156
3162
3165
3171
3174
3180
3183
3189
3192
3198
3201
3207
3210
3216
3219
3225
3228
3234
3237
3243
3246
3252
3255
3261
3264
3270
3273
3279
3282
3288
3291
3297
3300
3306
3309
3315
3318
3324
3327
3333
3336
3342
3345
3351
3354
3360
3363
3369
3372
3378
3381
3387
3390
3396
3399
3405
3408
3414
3417
3423
3426
3432
3435
3441
3444
3450
3453
3459
3462
3468
3471
3477
3480
3486
3489
3495
3498
3504
3507
3513
3516
3522
3525
3531
3534
3540
3543
3549
3552
3558
3561
3567
3570
3576
3579
3585
3588
3594
3597
3603
3606
3612
3615
3621
3624
3630
3633
3639
3642
3648
3651
3657
3660
3666
3669
3675
3678
3684
3687
3693
3696
3702
3705
3711
3714
3720
3723
3729
3732
3738
3741
3747
3750
3756
3759
3765
3768
3774
3777
3783
3786
3792
3795
3801
3804
3810
3813
3819
3822
3828
3831
3837
3840
3846
3849
3855
3858
3864
3867
3873
3876
3882
3885
3891
3894
3900
3903
3909
3912
3918
3921
3927
3930
3936
3939
3945
3948
3954
3957
3963
3966
3972
3975
3981
3984
3990
3993
3999
