4002
4008
4011
4017
4020
4026
4029
4035
4038
4044
4047
4053
4056
4062
4065
4071
4074
4080
4083
4089
4092
4098
4101
4107
4110
4116
4119
4125
4128
4134
4137
4143
4146
4152
4155
4161
4164
4170
4173
4179
4182
4188
4191
4197
4200
4206
4209
4215
4218
4224
4227
4233
4236
4242
4245
4251
4254
4260
4263
4269
4272
4278
4281
4287
4290
4296
4299
4305
4308
4314
4317
4323
4326
4332
4335
4341
4344
4350
4353
4359
4362
4368
4371
4377
4380
4386
4389
4395
4398
4404
4407
4413
4416
4422
4425
4431
4434
4440
4443
4449
4452
4458
4461
4467
4470
4476
4479
4485
4488
4494
4497
4503
4506
4512
4515
4521
4524
4530
4533
4539
4542
4548
4551
4557
4560
4566
4569
4575
4578
4584
4587
4593
4596
4602
4605
4611
4614
4620
4623
4629
4632
4638
4641
4647
4650
4656
4659
4665
4668
4674
4677
4683
4686
4692
4695
4701
4704
4710
4713
4719
4722
4728
4731
4737
4740
4746
4749
4755
4758
4764
4767
4773
4776
4782
4785
4791
4794
4800
4803
4809
4812
4818
4821
4827
4830
4836
4839
4845
4848
4854
4857
4863
4866
4872
4875
4881
4884
4890
4893
4899
4902
4908
4911
4917
4920
4926
4929
4935
4938
4944
4947
4953
4956
4962
4965
4971
4974
4980
4983
4989
4992
4998
5001
5007
5010
5016
5019
5025
5028
5034
5037
5043
5046
5052
5055
5061
5064
5070
5073
5079
5082
5088
5091
5097
5100
5106
5109
5115
5118
5124
5127
5133
5136
5142
5145
5151
5154
5160
5163
5169
5172
5178
5181
5187
5190
5196
5199
5205
5208
5214
5217
5223
5226
5232
5235
5241
5244
5250
5253
5259
5262
5268
5271
5277
5280
5286
5289
5295
5298
5304
5307
5313
5316
5322
5325
5331
5334
5340
5343
5349
5352
5358
5361
5367
5370
5376
5379
5385
5388
5394
5397
5403
5406
5412
5415
5421
5424
5430
5433
5439
5442
5448
5451
5457
5460
5466
5469
5475
5478
5484
5487
5493
5496
5502
5505
5511
5514
5520
5523
5529
5532
5538
5541
5547
5550
5556
5559
5565
5568
5574
5577
5583
5586
5592
5595
5601
5604
5610
5613
5619
5622
5628
5631
5637
5640
5646
5649
5655
5658
5664
5667
5673
5676
5682
5685
5691
5694
5700
5703
5709
5712
5718
5721
5727
5730
5736
5739
5745
5748
5754
5757
5763
5766
5772
5775
5781
5784
5790
5793
5799
5802
5808
5811
5817
5820
5826
5829
5835
5838
5844
5847
5853
5856
5862
5865
5871
5874
5880
5883
5889
5892
5898
5901
5907
5910
5916
5919
5925
5928
5934
5937
5943
5946
5952
5955
5961
5964
5970
5973
5979
5982
5988
5991
5997
