6000
6006
6009
6015
6018
6024
6027
6033
6036
6042
6045
6051
6054
6060
6063
6069
6072
6078
6081
6087
6090
6096
6099
6105
6108
6114
6117
6123
6126
6132
6135
6141
6144
6150
6153
6159
6162
6168
6171
6177
6180
6186
6189
6195
6198
6204
6207
6213
6216
6222
6225
6231
6234
6240
6243
6249
6252
6258
6261
6267
6270
6276
6279
6285
6288
6294
6297
6303
6306
6312
6315
6321
6324
6330
6333
6339
6342
6348
6351
6357
6360
6366
6369
6375
6378
6384
6387
6393
6396
6402
6405
6411
6414
6420
6423
6429
6432
6438
6441
6447
6450
6456
6459
6465
6468
6474
6477
6483
6486
6492
6495
6501
6504
6510
6513
6519
6522
6528
6531
6537
6540
6546
6549
6555
6558
6564
6567
6573
6576
6582
6585
6591
6594
6600
6603
6609
6612
6618
6621
6627
6630
6636
6639
6645
6648
6654
6657
6663
6666
6672
6675
6681
6684
6690
6693
6699
6702
6708
6711
6717
6720
6726
6729
6735
6738
6744
6747
6753
6756
6762
6765
6771
6774
6780
6783
6789
6792
6798
6801
6807
6810
6816
6819
6825
6828
6834
6837
6843
6846
6852
6855
6861
6864
6870
6873
6879
6882
6888
6891
6897
6900
6906
6909
6915
6918
6924
6927
6933
6936
6942
6945
6951
6954
6960
6963
6969
6972
6978
6981
6987
6990
6996
6999
7005
7008
7014
7017
7023
7026
7032
7035
7041
7044
7050
7053
7059
7062
7068
7071
7077
7080
7086
7089
7095
7098
7104
7107
7113
7116
7122
7125
7131
7134
7140
7143
7149
7152
7158
7161
7167
7170
7176
7179
7185
7188
7194
7197
7203
7206
7212
7215
7221
7224
7230
7233
7239
7242
7248
7251
7257
7260
7266
7269
7275
7278
7284
7287
7293
7296
7302
7305
7311
7314
7320
7323
7329
7332
7338
7341
7347
7350
7356
7359
7365
7368
7374
7377
7383
7386
7392
7395
7401
7404
7410
7413
7419
7422
7428
7431
7437
7440
7446
7449
7455
7458
7464
7467
7473
7476
7482
7485
7491
7494
7500
7503
7509
7512
7518
7521
7527
7530
7536
7539
7545
7548
7554
7557
7563
7566
7572
7575
7581
7584
7590
7593
7599
7602
7608
7611
7617
7620
7626
7629
7635
7638
7644
7647
7653
7656
7662
7665
7671
7674
7680
7683
7689
7692
7698
7701
7707
7710
7716
7719
7725
7728
7734
7737
7743
7746
7752
7755
7761
7764
7770
7773
7779
7782
7788
7791
7797
7800
7806
7809
7815
7818
7824
7827
7833
7836
7842
7845
7851
7854
7860
7863
7869
7872
7878
7881
7887
7890
7896
7899
7905
7908
7914
7917
7923
7926
7932
7935
7941
7944
7950
7953
7959
7962
7968
7971
7977
7980
7986
7989
7995
7998
