8004
8007
8013
8016
8022
8025
8031
8034
8040
8043
8049
8052
8058
8061
8067
8070
8076
8079
8085
8088
8094
8097
8103
8106
8112
8115
8121
8124
8130
8133
8139
8142
8148
8151
8157
8160
8166
8169
8175
8178
8184
8187
8193
8196
8202
8205
8211
8214
8220
8223
8229
8232
8238
8241
8247
8250
8256
8259
8265
8268
8274
8277
8283
8286
8292
8295
8301
8304
8310
8313
8319
8322
8328
8331
8337
8340
8346
8349
8355
8358
8364
8367
8373
8376
8382
8385
8391
8394
8400
8403
8409
8412
8418
8421
8427
8430
8436
8439
8445
8448
8454
8457
8463
8466
8472
8475
8481
8484
8490
8493
8499
8502
8508
8511
8517
8520
8526
8529
8535
8538
8544
8547
8553
8556
8562
8565
8571
8574
8580
8583
8589
8592
8598
8601
8607
8610
8616
8619
8625
8628
8634
8637
8643
8646
8652
8655
8661
8664
8670
8673
8679
8682
8688
8691
8697
8700
8706
8709
8715
8718
8724
8727
8733
8736
8742
8745
8751
8754
8760
8763
8769
8772
8778
8781
8787
8790
8796
8799
8805
8808
8814
8817
8823
8826
8832
8835
8841
8844
8850
8853
8859
8862
8868
8871
8877
8880
8886
8889
8895
8898
8904
8907
8913
8916
8922
8925
8931
8934
8940
8943
8949
8952
8958
8961
8967
8970
8976
8979
8985
8988
8994
8997
9003
9006
9012
9015
9021
9024
9030
9033
9039
9042
9048
9051
9057
9060
9066
9069
9075
9078
9084
9087
9093
9096
9102
9105
9111
9114
9120
9123
9129
9132
9138
9141
9147
9150
9156
9159
9165
9168
9174
9177
9183
9186
9192
9195
9201
9204
9210
9213
9219
9222
9228
9231
9237
9240
9246
9249
9255
9258
9264
9267
9273
9276
9282
9285
9291
9294
9300
9303
9309
9312
9318
9321
9327
9330
9336
9339
9345
9348
9354
9357
9363
9366
9372
9375
9381
9384
9390
9393
9399
9402
9408
9411
9417
9420
9426
9429
9435
9438
9444
9447
9453
9456
9462
9465
9471
9474
9480
9483
9489
9492
9498
9501
9507
9510
9516
9519
9525
9528
9534
9537
9543
9546
9552
9555
9561
9564
9570
9573
9579
9582
9588
9591
9597
9600
9606
9609
9615
9618
9624
9627
9633
9636
9642
9645
9651
9654
9660
9663
9669
9672
9678
9681
9687
9690
9696
9699
9705
9708
9714
9717
9723
9726
9732
9735
9741
9744
9750
9753
9759
9762
9768
9771
9777
9780
9786
9789
9795
9798
9804
9807
9813
9816
9822
9825
9831
9834
9840
9843
9849
9852
9858
9861
9867
9870
9876
9879
9885
9888
9894
9897
9903
9906
9912
9915
9921
9924
9930
9933
9939
9942
9948
9951
9957
9960
9966
9969
9975
9978
9984
9987
9993
9996
